world: 0201d144-df21-4488-ad63-1a3b498f34d4
world-name: world_the_end
x: 5.9046062742372065
y: 63.0
z: -6.604503784903247
yaw: 126.15023803710938
pitch: -1.4999966621398926
name: a
lastowner: e9c246cc-bc31-3fef-9a9c-b34d773135e6
