world: 0201d144-df21-4488-ad63-1a3b498f34d4
world-name: world_the_end
x: -143.53764633547067
y: 63.0
z: 3391.746105839861
yaw: 82.958984375
pitch: 68.39997100830078
name: b
lastowner: e9c246cc-bc31-3fef-9a9c-b34d773135e6
